==== Configuração da Memória de Controle ===
brzr        Mux_PC (1)  Mux_Inc(1)  Mux_Cond(1)  Mux_Ra(1)  Mux_Rb(1)  WE(1)  Func(3)  MoveFunc(2)  Branch(1)  WriteBack(1)  EL(1)  ES(1)
    0000       1            0           1           1          0        0       101        00           1           0          0      0
brzi
    0001       1            0           0           0          0        0       101        00           1           0          0      0
jr                           
    0010       0            0           0           0          0        0       000        00           1           0          0      0 
ji
    0011       0            1           0           0          0        0       000        00           1           0          0      0
ld
    0100       1            0           0           1          0        1       000        00           0           1          1      0 
st
    0101       1            0           0           1          0        0       101        00           0           0          0      1
movr
    0110       1            0           0           1          0        1       101        11           0           0          0      0
movh
    0111       1            0           0           0          1        1       101        10           0           0          0      0
movl
    1000       1            0           0           0          1        1       101        01           0           0          0      0
add
    1001       1            0           0           1          0        1       000        00           0           0          0      0
sub
    1010       1            0           0           1          0        1       001        00           0           0          0      0
and
    1011       1            0           0           1          0        1       010        00           0           0          0      0
or
    1100       1            0           0           1          0        1       011        00           0           0          0      0
not
    1101       1            0           0           1          0        1       100        00           0           0          0      0
slr
    1110       1            0           0           1          0        1       110        00           0           0          0      0
srr
    1111       1            0           0           1          0        1       111        00           0           0          0      0